147413
532
984
1081
304
410
1706
147
43339
194308
174
3035
38969
26337
74
4541
374
2233
932
1318
3510
2237
425
10150
113
501
3234
3747
663
1544
6276
673
462
277
125
177
2111
342218
490
105
530
509
1055
324
2860
2061
831
2395
5813
95
11557
351
1714
7857
1657
6390
548353
73
283
159
2777
835
813333
2714
912
11106
444
255
323
401
52685
66452
119
4097
941
20780
1242
1014
739
634
1945
2154
4486
3156
896
40
67345
691
881
2180
20838
5682
7414
243470
594945
353
8978
752307
2728
54032
537
1903
59032
140348
189869
2248
2400
3355
10540
7107
135472
795
3473
4630
547090
239355
160193
381
4184
11432
211208
49688
989
6492
7297
312
1231
3354
8015
10246
596
631442
51
5527
644
7186
659
684
823
6801
1763
229307
10124
7356
411
891
5880
4014
2618
9524
103977
794463
15978
1573
413
1097
136780
511624
263510
25
78
690
559
97596
40874
221985
3928
400596
7756
572439
638794
533324
179
775
73707
522886
40487
1865
2282
2307
4055
4099
12193
435722
12045
547
1845
3443
324036
196
745
770046
463
457370
84
22930
109532
11798
95889
358337
848
14120
1898
1987
532290
8043
10293
779608
5445
518
5935
5792
6589
19
595730
8215
150156
52285
20
812
999
1752
3903
8280
691164
156908
495328
206826
630126
1720
3656
2166
70246
1068
6009
702
642
1295
196272
832
52754
206911
54428
6307
442115
1491
7201
545
2188
7930
741582
572
147150
3729
71
104
165
1155
33531
38
2717
83275
96
1562
1705
2120
7273
100562
680
568
1239
99549
43611
13994
58596
839
2289
10684
303
408
293014
2020
2429
1764
9054
952
26
729
392
6143
511458
3259
5116
263
51687
88
718
3236
429273
24816
351138
390
2316
94047
45
297886
156275
30
188811
49812
68916
617245
115176
8327
4361
663791
3991
5403
133137
58191
149933
68206
154938
464
63
2564
32379
93895
127414
11843
169
409
1143
2434
49486
58032
95122
100305
18790
